# Data relatives to pure médical signal
    0.1866
    0.0538
   -0.1138
   -0.0273
   -0.0825
    0.0917
    0.0710
   -0.1481
    0.1573
    0.1338
    0.1761
    0.0770
   -0.0916
   -0.0410
   -0.1104
   -0.1363
    0.0368
    0.0755
    0.0334
    0.0489
    0.0742
   -0.0001
   -0.1995
   -0.0433
    0.0797
   -0.0161
    0.0396
   -0.0604
   -0.0068
   -0.1966
    0.1781
    0.1896
   -0.1951
    0.0840
   -0.0820
   -0.0523
    0.0918
    0.0849
    0.0432
   -0.0191
   -0.0713
   -0.0945
    0.0461
   -0.0562
    0.0805
    0.0687
    0.0908
    0.1705
    0.0644
    0.0993
   -0.0369
   -0.0947
   -0.0239
   -0.1372
    0.0650
    0.1241
   -0.1881
    0.0548
    0.0949
   -0.1191
    0.1468
    0.1311
   -0.0382
   -0.1109
    0.0460
    0.0050
   -0.0088
   -0.1253
    0.1613
   -0.1097
    0.1793
   -0.1429
    0.1531
   -0.0528
   -0.1413
    0.0938
    0.1805
   -0.0888
    0.1821
   -0.1468
    0.1130
   -0.0951
    0.0484
    0.1764
    0.1554
   -0.0822
    0.1740
   -0.0928
   -0.1980
    0.0733
